165,16
165,15
165,14
165,13
165,12
165,11
165,10
165,9
165,8
165,7
165,6
165,4
165,2
163,29
163,28
163,27
163,26
163,25
163,24
163,23
163,22
163,21
163,20
163,19
163,18
163,17
163,16
163,15
163,14
163,13
163,12
163,11
163,10
163,9
163,8
163,7
163,6
163,5
163,4
163,3
163,2
163,1
163,0
162,2
161,3
161,2
161,1
161,0
160,5
160,4
160,3
160,2
160,1
160,0
159,4
159,3
159,2
159,1
159,0
158,3
158,2
158,1
158,0
156,4
156,2
155,3
155,2
155,1
155,0
4,3
4,1
4,0
0,432
0,422
0,421
0,420
0,418
0,417
0,415
0,409
0,408
0,402
0,322
0,321
0,243
1,1
1,3
1,0
2,1
2,3
2,0
162,1
162,3
162,0
156,1
165,1
156,3
168,1
156,0
168,411
165,5
165,3
165,0
168,6
168,3
168,0
0,9
0,310
0,305
0,308
0,304
0,303
0,302
0,307
0,12
0,10
0,8
0,0
0,312
0,300
0,375
0,299
0,348
0,298
0,412
0,297
0,383
0,296
0,328
0,295
0,349
0,294
0,335
0,293
0,411
0,292
0,419
0,291
0,374
0,290
0,331
0,289
0,410
0,288
0,343
0,287
0,406
0,286
0,438
0,285
0,359
0,284
0,373
0,283
0,405
0,282
0,391
0,281
0,423
0,280
0,416
0,279
0,370
0,278
0,369
0,277
0,382
0,276
0,444
0,275
0,311
0,274
0,437
165,17
165,18
165,20
165,21
165,23
165,24
165,26
165,28
165,29
165,31
165,32
165,34
165,36
165,37
165,39
165,40
165,42
165,43
165,45
165,47
165,48
165,50
165,51
165,53
165,55
165,56
165,58
165,59
165,61
165,62
165,64
165,66
165,67
165,69
165,70
165,72
165,74
165,75
165,77
165,78
165,80
165,81
165,83
165,85
165,86
165,88
165,89
165,91
165,93
165,94
165,96
165,97
165,99
165,101
165,102
165,104
165,105
165,107
165,108
165,110
165,112
165,113
165,115
165,116
165,118
165,120
165,128
165,130
165,131
165,192
165,193
165,195
165,197
165,198
165,200
165,201
165,203
165,205
165,206
165,208
165,209
165,211
165,212
165,214
165,216
165,217
165,219
165,220
165,222
165,224
168,2
168,5
168,7
168,9
168,11
168,12
168,14
168,15
168,17
168,18
168,20
168,22
168,23
168,25
168,26
168,28
168,30
168,31
168,33
168,34
168,36
168,37
168,39
168,41
168,42
168,44
168,45
168,47
168,49
168,50
168,52
168,53
168,55
168,56
168,58
168,60
168,61
168,63
168,64
168,66
168,68
168,69
168,71
168,72
168,74
168,75
168,77
168,79
168,80
168,82
168,83
168,85
168,87
168,88
168,90
168,91
168,93
168,95
168,96
168,98
168,99
168,101
168,128
168,130
168,132
168,133
168,135
168,136
168,138
168,140
168,141
168,143
168,144
168,146
168,147
168,149
168,151
168,152
168,154
168,155
168,157
168,159
168,160
168,162
168,163
168,165
168,166
168,168
168,170
168,171
168,173
168,174
168,176
168,178
168,179
168,181
168,182
168,184
168,186
168,187
168,189
168,190
168,192
168,193
168,195
168,197
168,198
168,200
168,201
168,203
168,205
168,206
168,208
168,209
168,211
168,212
168,214
168,216
168,217
168,219
168,220
168,222
168,224
168,225
168,227
168,228
168,230
168,231
168,233
168,235
168,236
168,238
168,239
168,241
168,256
168,257
168,259
168,260
168,262
168,263
168,265
168,267
168,268
168,270
168,271
168,273
168,275
168,276
168,278
168,279
168,281
168,283
168,284
168,286
168,287
168,289
168,290
168,292
168,294
168,295
168,297
168,298
168,300
168,302
168,303
168,321
168,322
168,324
168,325
168,327
168,329
168,330
168,332
168,333
168,335
168,337
168,338
168,340
168,341
168,343
168,344
168,346
168,348
168,349
168,351
168,352
168,354
168,356
168,357
168,359
168,360
168,362
168,364
168,365
168,367
168,368
168,370
168,371
168,373
168,375
168,376
168,378
168,379
168,381
168,383
168,384
168,386
168,387
168,389
168,390
168,392
168,394
168,395
168,397
168,398
168,400
168,402
168,403
168,405
168,406
168,408
168,409
168,412
168,414
168,415
168,417
168,418
168,420
168,422
168,423
168,425
168,426
168,428
168,430
168,431
168,433
168,434
168,436
168,437
168,439
168,441
168,442
168,444
168,445
168,447
168,446
168,443
168,440
168,438
168,435
168,432
168,429
168,427
168,424
168,421
168,419
168,416
168,413
168,410
168,407
168,404
168,401
168,399
168,396
168,393
168,391
168,388
168,385
168,382
168,380
168,377
168,374
168,372
168,369
168,366
168,363
168,361
168,358
168,355
168,353
168,350
168,347
168,345
168,342
168,339
168,336
168,334
168,331
168,328
168,326
168,323
168,320
168,301
168,299
168,296
168,293
168,291
168,288
168,285
168,282
168,280
168,277
168,274
168,272
168,269
168,266
168,264
168,261
168,258
168,242
168,240
168,237
168,234
168,232
168,229
168,226
168,223
168,221
168,218
168,215
168,213
168,210
168,207
168,204
168,202
168,199
168,196
168,194
168,191
168,188
168,185
168,183
168,180
168,177
168,175
168,172
168,169
168,167
168,164
168,161
168,158
168,156
168,153
168,150
168,148
168,145
168,142
168,139
168,137
168,134
168,131
168,129
168,100
168,97
168,94
168,92
168,89
168,86
168,84
168,81
168,78
168,76
168,73
168,70
168,67
168,65
168,62
168,59
168,57
168,54
168,51
168,48
168,46
168,43
168,40
168,38
168,35
168,32
168,29
168,27
168,24
168,21
168,19
168,16
168,13
168,10
168,8
168,4
165,223
165,221
165,218
165,215
165,213
165,210
165,207
165,204
165,202
165,199
165,196
165,194
165,132
165,129
165,119
165,117
165,114
165,111
165,109
165,106
165,103
165,100
165,98
165,95
165,92
165,90
165,87
165,84
165,82
165,79
165,76
165,73
165,71
165,68
165,65
165,63
165,60
165,57
165,54
165,52
165,49
165,46
165,44
165,41
165,38
165,35
165,33
165,30
165,27
165,25
165,22
165,19
0,273
0,345
0,272
0,355
0,271
0,425
0,270
0,387
0,269
0,407
0,268
0,401
0,267
0,329
0,266
0,306
0,265
0,371
0,264
0,327
0,263
0,443
0,262
0,315
0,261
0,367
0,260
0,366
0,259
0,442
0,258
0,372
0,257
0,364
0,256
0,441
0,255
0,363
0,254
0,339
0,253
0,354
0,252
0,353
0,251
0,404
0,250
0,403
0,249
0,361
0,248
0,399
0,247
0,317
0,246
0,396
0,245
0,386
0,244
0,326
0,242
0,414
0,241
0,319
0,240
0,318
0,239
0,394
0,238
0,325
0,237
0,435
0,236
0,395
0,235
0,352
0,234
0,309
0,233
0,434
0,232
0,301
0,231
0,433
0,230
0,413
0,229
0,360
0,228
0,400
0,227
0,316
0,226
0,440
0,225
0,392
0,224
0,429
0,223
0,390
0,222
0,358
0,221
0,357
0,220
0,351
0,219
0,323
0,218
0,320
0,217
0,436
0,216
0,428
0,215
0,431
0,214
0,430
0,213
0,381
0,212
0,344
0,211
0,424
0,210
0,342
0,209
0,447
0,208
0,380
0,207
0,393
0,206
0,446
0,205
0,439
0,204
0,341
0,203
0,334
0,202
0,376
0,201
0,445
0,200
0,379
0,199
0,337
0,198
0,398
0,197
0,389
0,196
0,356
0,195
0,365
0,194
0,385
0,193
0,397
0,192
0,427
0,63
0,388
0,62
0,332
0,61
0,313
0,60
0,378
0,59
0,338
0,58
0,362
0,57
0,384
0,56
0,347
0,55
0,333
0,54
0,336
0,53
0,368
0,52
0,346
0,51
0,377
0,50
0,324
0,49
0,426
0,48
0,350
0,47
0,314
0,46
0,330
0,45
0,340
0,6
0,5
0,1
0,11
0,4
0,2
0,3
0,7
